0
pos:(-38.1, 12.7, -76.2)
rot:(0.0, 238.6, 0.0)
1
pos:(-42.6, 14.1, -72.2)
rot:(0.0, 178.1, 168.7)
2
pos:(-39.6, 12.8, -49.1)
rot:(0.0, 142.2, 360.0)
3
pos:(-42.9, 15.1, -31.5)
rot:(0.0, 192.1, 356.9)
4
pos:(-38.8, 14.0, -28.9)
rot:(358.5, 186.8, 85.2)
5
pos:(-38.7, 13.7, -16.1)
rot:(0.0, 216.0, 309.7)
6
pos:(-38.3, 12.8, -8.7)
rot:(360.0, 184.3, 0.0)
7
pos:(-37.7, 14.0, 7.5)
rot:(359.9, 168.1, 359.6)
8
pos:(-34.4, 15.4, 21.9)
rot:(0.4, 192.8, 180.0)
9
pos:(-35.9, 12.7, 40.4)
rot:(359.8, 181.9, 0.0)
10
pos:(-28.2, 14.0, 45.7)
rot:(359.8, 208.8, 89.9)
11
pos:(-35.4, 14.1, 47.6)
rot:(0.0, 94.4, 355.0)
12
pos:(-32.7, 14.9, 56.6)
rot:(359.7, 211.5, 359.9)
13
pos:(-30.8, 14.2, 74.3)
rot:(350.9, 182.1, 243.4)
14
pos:(-27.1, 13.6, 78.2)
rot:(359.8, 256.6, 171.7)
15
pos:(-32.1, 12.8, 101.8)
rot:(357.8, 138.9, 279.0)
16
pos:(-33.8, 13.8, 125.5)
rot:(5.4, 189.8, 80.6)
17
pos:(-37.8, 14.8, 144.2)
rot:(6.1, 151.2, 357.8)
18
pos:(-43.7, 17.1, 155.0)
rot:(4.1, 184.1, 84.2)
19
pos:(-39.4, 18.0, 163.3)
rot:(3.2, 156.5, 268.9)
20
pos:(-43.4, 16.9, 170.0)
rot:(3.3, 211.7, 359.4)
21
pos:(-43.3, 16.7, 190.5)
rot:(357.2, 177.4, 359.9)
22
pos:(-42.5, 16.0, 202.5)
rot:(355.5, 171.8, 0.5)
23
pos:(-46.2, 18.0, 228.2)
rot:(15.5, 205.8, 70.4)
24
pos:(-45.1, 14.6, 233.0)
rot:(354.4, 162.0, 267.3)
25
pos:(-42.8, 13.2, 246.9)
rot:(355.3, 149.0, 357.2)
26
pos:(-46.0, 12.3, 252.6)
rot:(274.7, 2.7, 45.0)
27
pos:(-45.9, 12.2, 259.1)
rot:(34.5, 212.9, 356.7)
28
pos:(-44.8, 11.9, 268.9)
rot:(357.0, 168.0, 100.4)
29
pos:(-46.9, 11.0, 282.5)
rot:(358.6, 125.3, 270.6)
30
pos:(-52.1, 10.9, 274.9)
rot:(356.0, 171.2, 81.4)
31
pos:(-46.4, 9.2, 289.2)
rot:(358.0, 199.7, 359.3)
32
pos:(-46.2, 9.9, 309.1)
rot:(359.0, 198.6, 359.6)
33
pos:(-43.4, 9.5, 323.7)
rot:(359.6, 247.7, 277.8)
34
pos:(-45.1, 9.7, 331.8)
rot:(0.3, 211.1, 0.1)
35
pos:(-40.9, 9.8, 334.3)
rot:(0.5, 175.8, 269.9)
36
pos:(-30.5, 9.9, 337.5)
rot:(1.1, 190.3, 89.8)
37
pos:(-37.7, 10.4, 358.2)
rot:(0.7, 285.3, 355.9)
38
pos:(-40.1, 10.0, 352.5)
rot:(1.8, 245.4, 180.9)
39
pos:(-40.0, 7.8, 369.7)
rot:(329.6, 238.2, 49.1)
40
pos:(-25.4, 11.5, 371.2)
rot:(4.1, 228.3, 270.7)
41
pos:(-10.4, 12.9, 382.7)
rot:(2.4, 280.7, 94.0)
42
pos:(-9.7, 12.0, 389.5)
rot:(4.7, 225.3, 0.3)
43
pos:(-8.5, 13.8, 395.0)
rot:(66.7, 165.2, 92.5)
44
pos:(48.3, 16.7, 464.9)
rot:(2.5, 155.4, 89.2)
45
pos:(17.7, 10.9, 383.9)
rot:(357.1, 230.7, 275.9)
46
pos:(8.4, 15.4, 412.5)
rot:(3.2, 210.0, 359.3)
47
pos:(-26.1, 14.2, -78.1)
rot:(357.3, 309.0, 270.5)
48
pos:(-27.4, 13.8, -70.8)
rot:(359.7, 2.3, 278.0)
49
pos:(-30.8, 14.4, -65.6)
rot:(0.0, 358.8, 180.0)
50
pos:(-28.1, 14.3, -48.6)
rot:(355.5, 338.8, 269.9)
51
pos:(-26.6, 14.8, -32.0)
rot:(360.0, 348.4, 180.0)
52
pos:(-30.9, 14.1, -23.6)
rot:(0.0, 340.5, 0.0)
53
pos:(-30.1, 12.8, -14.2)
rot:(0.0, 349.6, 0.0)
54
pos:(-28.2, 14.0, -5.7)
rot:(359.4, 30.5, 264.9)
55
pos:(-34.3, 13.9, -9.6)
rot:(0.0, 21.5, 82.4)
56
pos:(-27.8, 14.4, 3.8)
rot:(0.1, 22.2, 180.0)
57
pos:(-27.2, 14.1, 17.7)
rot:(0.1, 16.7, 269.8)
58
pos:(-28.7, 13.9, 32.4)
rot:(0.2, 355.1, 359.5)
59
pos:(-25.9, 12.7, 29.0)
rot:(359.9, 119.4, 0.2)
60
pos:(-21.5, 13.8, 45.4)
rot:(0.3, 15.3, 359.4)
61
pos:(-22.0, 14.0, 54.9)
rot:(356.4, 355.2, 93.0)
62
pos:(-20.2, 12.6, 54.0)
rot:(0.3, 6.1, 359.6)
63
pos:(-18.1, 13.9, 59.0)
rot:(0.6, 14.3, 357.2)
64
pos:(-20.0, 12.3, 80.0)
rot:(1.2, 329.0, 359.2)
65
pos:(-17.8, 12.8, 102.9)
rot:(358.6, 325.8, 85.9)
66
pos:(-33.9, 11.9, 90.8)
rot:(3.0, 296.4, 358.7)
67
pos:(-23.1, 13.2, 119.3)
rot:(275.4, 158.1, 329.6)
68
pos:(-19.4, 15.9, 126.7)
rot:(356.1, 9.7, 264.1)
69
pos:(-20.6, 14.3, 131.3)
rot:(355.4, 305.8, 184.4)
70
pos:(2.9, 13.4, 143.5)
rot:(353.3, 28.7, 79.7)
71
pos:(-33.6, 17.2, 153.3)
rot:(358.8, 69.7, 163.4)
72
pos:(-29.0, 18.5, 174.6)
rot:(356.2, 10.5, 269.6)
73
pos:(-30.8, 17.0, 203.7)
rot:(83.6, 183.7, 264.3)
74
pos:(-34.9, 14.8, 216.2)
rot:(5.4, 6.8, 1.1)
75
pos:(-35.3, 15.1, 227.2)
rot:(5.8, 348.9, 354.0)
76
pos:(-34.7, 12.9, 235.4)
rot:(5.2, 23.2, 2.6)
77
pos:(-36.1, 11.8, 245.9)
rot:(5.4, 0.5, 0.2)
78
pos:(-37.6, 11.3, 270.3)
rot:(2.8, 359.2, 360.0)
79
pos:(-36.6, 9.5, 280.2)
rot:(2.5, 356.5, 359.9)
80
pos:(-31.6, 10.2, 289.1)
rot:(273.5, 56.4, 29.1)
81
pos:(-35.4, 9.8, 306.0)
rot:(1.4, 5.8, 277.7)
82
pos:(-34.6, 9.3, 324.9)
rot:(0.1, 19.1, 312.8)
83
pos:(-36.4, 11.2, 326.4)
rot:(12.2, 3.2, 34.1)
84
pos:(-30.4, 11.3, 344.9)
rot:(1.5, 261.4, 181.5)
85
pos:(-20.4, 10.5, 353.8)
rot:(356.0, 48.9, 78.6)
86
pos:(-24.6, 11.4, 365.4)
rot:(356.2, 48.5, 91.9)
87
pos:(14.9, 3.8, 368.2)
rot:(358.1, 184.3, 354.9)
88
pos:(3.9, 12.5, 385.4)
rot:(355.7, 20.7, 1.6)
89
pos:(16.2, 14.0, 403.3)
rot:(356.6, 45.6, 359.4)
